c PicoSAT SAT Solver Version 960
c Copyright (c) 2006 - 2014 Armin Biere JKU Linz
c gcc -Wall -Wextra -DNDEBUG -O3
c
c using 2 as default phase
c
c parsing infile.cnf
c parsed header 'p cnf 6658 456092'
c initialized 6658 variables
c found 456092 non trivial clauses
c
c random number generator seed 0
c 
c  seconds     variables   original    learned     agility
c         level        used      conflicts    limit          MB
c 
c s   0.2   0.0  6658   0.0 196e3     0     0     0   0.0  22.2 
c 
c initial reduction limit 1000 clauses
c 
c +   0.2 612.3  6658  14.4 196e3   100   100  1100   5.6  22.5 
c R   0.2 612.3  6658  14.4 196e3   100   100  1100   5.6  22.5 
c +   0.2 507.0  6658  23.7 196e3   221   221  1210   7.7  22.7 
c +   0.3 486.4  6658  24.9 196e3   367   367  1331   7.1  23.0 
c R   0.3 482.1  6658  25.2 196e3   407   407  1331   7.0  23.1 
c +   0.3 441.0  6658  26.5 196e3   543   543  1464   5.1  23.4 
c +   0.3 423.3  6658  26.6 196e3   755   755  1610   5.7  23.9 
c +   0.4 421.3  6658  26.6 196e3  1011  1011  1771   6.6  24.5 
c R   0.4 428.9  6658  26.6 196e3  1216  1216  1771   8.8  25.1 
c +   0.4 412.4  6658  26.6 196e3  1320  1320  1948   4.6  25.4 
c +   0.5 394.5  6658  26.6 196e3  1693  1693  2142   5.6  26.3 
c +   0.5 401.3  6658  29.8 196e3  2144  2144  2356   6.2  27.6 
c +   0.6 408.5  6658  31.1 196e3  2689  1484  2591   6.5  25.5 
c R   0.7 402.9  6658  32.2 196e3  3225  2020  2591   4.6  27.2 
c +   0.7 401.4  6658  32.5 196e3  3348  2143  2850   6.5  27.4 
c +   0.8 405.1  6658  35.0 196e3  4145  1503  3135   5.0  24.9 
c +   0.9 400.3  6658  35.2 196e3  5109  2467  3448   4.6  27.1 
c +   1.0 410.0  6658  36.0 196e3  6275  1892  3792   6.1  25.4 
c +   1.2 432.1  6658  36.1 196e3  7685  3302  4171   4.8  29.8 
c R   1.2 432.6  6658  36.1 196e3  8048  3665  4171   4.9  31.0 
c 
c  seconds     variables   original    learned     agility
c         level        used      conflicts    limit          MB
c 
c +   1.5 432.8  6658  36.6 196e3  9391  2921  4588   9.1  27.5 
c +   1.8 437.3  6658  36.6 196e3 11455  2683  5046   5.6  27.1 
c +   2.0 433.5  6658  36.7 196e3 13952  2631  5550   6.1  26.3 
c +   2.6 439.1  6658  36.7 196e3 16973  2856  6105   4.8  26.5 
c R   2.8 449.3  6658  36.7 196e3 19288  5171  6105   4.7  35.1 
c +   3.0 452.1  6658  36.7 196e3 20628  3432  6715   6.2  27.8 
c +   3.5 472.0  6658  36.7 196e3 25050  4484  7386   5.8  30.6 
c +   4.3 489.4  6658  36.8 196e3 30400  6102  8124   6.9  35.3 
c +   5.1 496.5  6658  36.8 196e3 36873  4408  8936   4.4  28.8 
c +   6.0 509.2  6658  36.8 196e3 44705  7707  9829   7.4  38.5 
c R   6.1 509.0  6658  36.8 196e3 44995  7997  9829   6.5  39.4 
c +   7.2 511.3  6658  36.8 196e3 54181  7257 10811   5.7  36.3 
c +   8.8 511.1  6658  36.9 196e3 65646  7842 11892   5.0  36.3 
c +  10.6 505.1  6658  36.9 196e3 79518  9778 13081   5.8  43.2 
c +  13.1 510.9  6658  36.9 196e3 96303  6801 14389   5.9  31.2 
c R  14.1 513.0  6658  36.9 196e3 102e3 13254 14389   6.5  59.0 
c +  16.1 509.4  6658  36.9 196e3 116e3 12688 15827   5.0  49.2 
c +  19.6 509.1  6658  36.9 196e3 141e3 13468 17409   8.5  50.0 
c +  24.3 513.1  6658  36.9 196e3 170e3 16968 19149   5.9  65.4 
c +  30.0 520.5  6658  36.9 196e3 206e3 14450 21063   5.5  50.4 
c R  33.6 518.6  6658  36.9 196e3 231e3 17594 21063   5.6  60.1 
c +  36.5 517.6  6658  37.0 196e3 250e3 15713 23169   5.1  53.5 
c 
c  seconds     variables   original    learned     agility
c         level        used      conflicts    limit          MB
c 
c +  44.6 519.9  6658  37.0 196e3 303e3 21990 25485   6.9  72.1 
c +  53.8 514.7  6658  37.0 196e3 366e3 21933 28033   7.1  67.6 
c +  65.4 507.9  6658  37.2 196e3 443e3 14813 30836   5.7  41.2 
c R  79.2 516.9  6658  37.2 196e3 513e3 22342 30836   6.8  69.8 
c +  83.5 516.1  6658  37.2 196e3 537e3 30720 33919   5.1  95.3 
c + 103.5 515.4  6658  37.2 196e3 650e3 24485 37310   5.4  67.1 
c + 129.5 519.1  6658  37.2 196e3 786e3 30313 41041   6.7  84.7 
c + 160.4 520.1  6658  37.2 196e3 952e3 31122 45145   8.9  87.1 
c R 196.5 514.4  6658  37.3 196e3 112e4 27692 45145   5.4  65.0 
c + 201.0 513.4  6658  37.3 196e3 115e4 27733 49659   7.3  65.6 
c + 249.0 513.6  6658  37.3 196e3 139e4 46078 54624   7.8 128.9 
c + 313.2 516.0  6658  37.4 196e3 168e4 38138 60086   7.2  96.7 
c + 394.4 515.1  6658  37.4 196e3 204e4 31503 66094   5.4  62.7 
c R 484.2 505.6  6658  37.4 196e3 246e4 56986 66094   7.1 151.6 
c + 485.9 505.4  6658  37.4 196e3 246e4 63444 72703   5.4 174.8 
c + 615.8 507.8  6658  37.4 196e3 298e4 72546 79973   5.3 199.9 
